62 89 61 57 15 97 67 95 40 33 
18 65 19 93 72 40 89 26 40 41 
32 26 80 41 84 43 2 61 28 71 
65 72 100 59 79 98 83 2 2 9 
12 49 46 28 71 96 67 26 95 89 
77 26 68 25 34 99 25 53 48 67 
49 67 79 2 75 16 35 26 88 95 
75 10 22 53 11 78 61 85 100 99 
39 39 52 97 42 12 26 44 3 50 
32 60 7 51 30 19 88 60 28 41 
18 93 43 66 22 34 31 1 68 53 
28 36 78 33 31 32 23 9 87 97 
27 65 93 90 59 36 96 22 43 6 
92 51 51 9 28 87 3 30 2 89 
73 3 60 67 81 13 99 80 100 93 
66 37 52 29 58 98 8 55 21 72 
90 54 53 18 71 62 1 46 72 63 
61 16 65 91 79 35 71 30 54 65 
64 16 32 15 64 31 10 43 44 11 
34 59 25 41 2 22 79 53 61 43 
4 42 17 39 17 80 68 47 85 29 
4 1 57 97 48 85 28 44 71 34 
47 79 96 32 8 61 94 14 60 100 
87 63 100 55 47 14 73 36 96 52 
78 2 6 11 61 62 98 75 18 76 
45 78 97 53 68 6 95 53 39 92 
58 84 81 21 83 6 64 27 18 29 
11 94 59 12 95 58 52 65 35 2 
95 46 6 60 35 65 27 17 69 82 
72 8 43 5 62 17 54 95 69 77 
5 56 4 42 47 74 13 94 27 57 
39 99 92 16 3 40 37 10 78 52 
10 48 86 19 8 90 99 75 78 45 
38 6 16 73 75 45 70 82 32 77 
36 33 81 37 61 34 44 7 42 45 
92 24 26 76 49 71 10 85 85 82 
41 82 22 42 15 27 32 86 80 29 
38 98 32 47 10 12 18 90 72 12 
35 18 94 33 30 41 99 60 100 18 
58 26 92 57 94 16 2 19 77 65 
12 70 36 28 28 94 6 67 98 72 
16 27 32 26 50 6 87 29 43 51 
75 1 78 57 54 16 90 73 33 95 
64 95 72 9 33 70 81 81 83 94 
18 82 48 16 94 35 11 30 67 11 
8 86 46 33 23 78 92 71 90 55 
14 48 94 13 70 36 68 98 71 56 
98 9 76 81 17 91 93 32 10 42 
83 82 12 8 55 51 6 87 68 13 
28 24 32 88 61 18 6 49 40 15 
98 11 26 75 59 6 91 21 56 83 
92 77 24 87 36 66 47 16 85 60 
60 17 46 80 47 87 80 98 43 72 
95 37 31 69 52 67 46 26 60 11 
73 38 77 41 46 53 14 79 49 69 
29 96 17 31 33 14 34 36 84 6 
34 32 92 93 2 15 16 47 72 32 
65 89 28 81 100 93 6 7 29 79 
88 8 12 19 11 31 57 36 57 73 
26 1 62 79 26 37 10 49 17 14 
